00000000111111111111111111111111111111111111111100000000
00000000111111111111111111111111111111111111111100000000
00000011111111111111111111111111111111111111111111000000
00000011111111111111111111111111111111111111111111000000
00001111111111111111111111111111111111111111111111110000
00001111111111111111111111111111111111111111111111110000
00111111111111111111111111111111111111111111111111111100
00111111111111111111111111111111111111111111111111111100
11111111111111111111111111111111111111111111111111111111
11111111111111111111111111111111111111111111111111111111
11111111111111111111111111111111111111111111111111111111
11111111111111111111111111111111111111111111111111111111
11111111111111111111111111111111111111111111111111111111
11111111111111111111111111111111111111111111111111111111
11111111111111111111111111111111111111111111111111111111
11111111111111111111111111111111111111111111111111111111
11111111111111111111111100000000111111111111111111111111
11111111111111111111111100000000111111111111111111111111
11111111111111111111110000000000001111111111111111111111
11111111111111111111110000000000001111111111111111111111
11111111111111111111000000000000000011111111111111111111
11111111111111111111000000000000000011111111111111111111
11111111111111111100000000000000000000111111111111111111
11111111111111111100000000000000000000111111111111111111
11111111111111110000000000000000000000001111111111111111
11111111111111110000000000000000000000001111111111111111
11111111111111110000000000000000000000001111111111111111
11111111111111110000000000000000000000001111111111111111
11111111111111110000000000000000000000001111111111111111
11111111111111110000000000000000000000001111111111111111
11111111111111110000000000000000000000001111111111111111
11111111111111110000000000000000000000001111111111111111
11111111111111110000000000000000000000001111111111111111
11111111111111110000000000000000000000001111111111111111
11111111111111110000000000000000000000001111111111111111
11111111111111110000000000000000000000001111111111111111
